L	-0.1450	2.5673	1477010443000000	0.0000	2.7500	0.0000	1.0000
R	3.3469	1.5603	1.4438	1477010443400000	-0.0220	3.0991	-0.1097	0.9940
L	0.0352	3.5169	1477010443800000	-0.0938	3.4924	-0.2334	0.9724
R	3.8914	1.6236	1.1262	1477010444200000	-0.2143	3.8735	-0.3535	0.9354
L	-0.2448	4.2010	1477010444600000	-0.3817	4.2365	-0.4679	0.8838
R	4.2368	1.6341	1.4143	1477010445000000	-0.5932	4.5757	-0.5750	0.8181
L	-0.7241	4.9124	1477010445400000	-0.8456	4.8857	-0.6730	0.7396
R	5.7421	1.7755	0.5592	1477010445800000	-1.1348	5.1616	-0.7604	0.6494
L	-1.6074	5.3277	1477010446200000	-1.4564	5.3991	-0.8358	0.5490
R	6.0302	1.8972	0.7129	1477010446600000	-1.8051	5.5945	-0.8980	0.4399
L	-2.0888	5.6432	1477010447000000	-2.1756	5.7445	-0.9461	0.3239
R	6.2582	1.9949	0.6328	1477010447400000	-2.5620	5.8470	-0.9792	0.2028
L	-2.9540	5.8133	1477010447800000	-2.9582	5.9002	-0.9969	0.0785
R	6.8318	2.1232	0.6204	1477010448200000	-3.3579	5.9033	-0.9989	-0.0471
L	-3.8058	5.6952	1477010448600000	-3.7549	5.8563	-0.9851	-0.1719
R	7.2901	2.2459	0.0680	1477010449000000	-4.1429	5.7600	-0.9558	-0.2940
L	-4.5775	5.3074	1477010449400000	-4.5157	5.6157	-0.9114	-0.4115
R	7.3561	2.2556	-0.1788	1477010449800000	-4.8675	5.4259	-0.8526	-0.5225
L	-5.0983	5.1407	1477010450200000	-5.1927	5.1935	-0.7804	-0.6252
R	7.7959	2.3882	0.1177	1477010450600000	-5.4863	4.9222	-0.6959	-0.7181
L	-6.0554	4.6262	1477010451000000	-5.7435	4.6162	-0.6004	-0.7997
R	6.7808	2.4923	-0.1081	1477010451400000	-5.9603	4.2804	-0.4955	-0.8686
L	-6.0684	3.7168	1477010451800000	-6.1333	3.9200	-0.3827	-0.9239
R	7.0752	2.6147	-0.0955	1477010452200000	-6.2599	3.5408	-0.2639	-0.9646
L	-6.2817	3.1180	1477010452600000	-6.3378	3.1487	-0.1409	-0.9900
R	6.0059	2.7405	-0.4075	1477010453000000	-6.3661	2.7500	-0.0157	-0.9999
L	-6.1960	2.1311	1477010453400000	-6.3441	2.3509	0.1097	-0.9940
R	6.7576	2.8384	-0.9281	1477010453800000	-6.2723	1.9576	0.2334	-0.9724
L	-6.2317	1.5386	1477010454200000	-6.1518	1.5765	0.3535	-0.9355
R	6.2640	2.9229	-1.0733	1477010454600000	-5.9844	1.2135	0.4679	-0.8838
L	-5.4912	0.7221	1477010455000000	-5.7729	0.8743	0.5750	-0.8182
R	5.1713	3.0411	-0.5713	1477010455400000	-5.5205	0.5643	0.6730	-0.7396
L	-5.2956	0.2980	1477010455800000	-5.2312	0.2884	0.7604	-0.6495
R	4.5796	3.0939	-0.9250	1477010456200000	-4.9097	0.0509	0.8358	-0.5490
L	-4.3465	-0.1027	1477010456600000	-4.5609	-0.1444	0.8980	-0.4400
R	4.4217	-3.0663	-0.9410	1477010457000000	-4.1904	-0.2945	0.9461	-0.3239
L	-3.6144	-0.3654	1477010457400000	-3.8040	-0.3970	0.9792	-0.2028
R	3.1029	-3.0285	-0.7560	1477010457800000	-3.4079	-0.4502	0.9969	-0.0785
L	-3.0328	-0.4361	1477010458200000	-3.0081	-0.4533	0.9989	0.0471
R	1.8546	-2.9911	-1.6032	1477010458600000	-2.6112	-0.4063	0.9851	0.1719
L	-2.2441	-0.5173	1477010459000000	-2.2232	-0.3100	0.9558	0.2940
R	1.6921	-3.0869	-0.8658	1477010459400000	-1.8504	-0.1657	0.9114	0.4115
L	-1.5786	0.1068	1477010459800000	-1.4986	0.0241	0.8527	0.5225
R	0.6707	2.8846	-1.5187	1477010460200000	-1.1734	0.2565	0.7804	0.6252
L	-0.9587	0.4459	1477010460600000	-0.8798	0.5278	0.6959	0.7181
R	1.4507	2.2583	0.3106	1477010461000000	-0.6226	0.8338	0.6004	0.7997
L	-0.5879	1.3444	1477010461400000	-0.4058	1.1697	0.4955	0.8686
R	1.4514	1.7479	1.3018	1477010461800000	-0.2327	1.5300	0.3827	0.9239
L	-0.2299	1.9904	1477010462200000	-0.1062	1.9092	0.2639	0.9645
R	1.7641	1.5850	1.2497	1477010462600000	-0.0282	2.3013	0.1409	0.9900
L	-0.1618	2.6458	1477010463000000	0.0000	2.7000	0.0157	0.9999
R	3.3874	1.5079	1.0443	1477010463400000	0.0110	3.0997	0.0785	0.9969
L	0.1661	3.5278	1477010463800000	0.0704	3.4949	0.2028	0.9792
R	4.0661	1.5301	0.3628	1477010464200000	0.1789	3.8797	0.3240	0.9461
L	0.3751	4.1267	1477010464600000	0.3348	4.2478	0.4400	0.8980
R	4.0262	1.4434	1.4638	1477010465000000	0.5356	4.5934	0.5491	0.8358
L	0.5106	4.9818	1477010465400000	0.7781	4.9112	0.6495	0.7604
R	4.7237	1.3957	0.9063	1477010465800000	1.0585	5.1961	0.7397	0.6730
L	1.3084	5.4514	1477010466200000	1.3724	5.4436	0.8182	0.5750
R	5.6730	1.2478	0.7903	1477010466600000	1.7149	5.6497	0.8838	0.4679
L	2.1013	5.9503	1477010467000000	2.0805	5.8114	0.9355	0.3534
R	6.7327	1.1458	-0.0494	1477010467400000	2.4635	5.9259	0.9724	0.2334
L	2.9193	6.1571	1477010467800000	2.8578	5.9915	0.9940	0.1097
R	7.4838	1.0936	0.9137	1477010468200000	3.2572	6.0072	0.9999	-0.0157
L	3.4690	6.0621	1477010468600000	3.6555	5.9727	0.9900	-0.1409
R	7.2768	0.9674	0.4025	1477010469000000	4.0463	5.8886	0.9646	-0.2639
L	4.4400	5.8827	1477010469400000	4.4234	5.7562	0.9239	-0.3827
R	7.4336	0.8554	-0.2716	1477010469800000	4.7810	5.5775	0.8686	-0.4955
L	4.8332	5.3180	1477010470200000	5.1134	5.3554	0.7997	-0.6004
R	7.0147	0.7204	0.0556	1477010470600000	5.4153	5.0934	0.7181	-0.6959
L	5.4799	4.7750	1477010471000000	5.6820	4.7956	0.6252	-0.7804
R	7.1508	0.6306	0.0940	1477010471400000	5.9093	4.4668	0.5225	-0.8527
L	6.2078	4.0410	1477010471800000	6.0936	4.1121	0.4115	-0.9114
R	7.3235	0.4965	-0.1590	1477010472200000	6.2319	3.7370	0.2940	-0.9558
L	6.4299	3.2999	1477010472600000	6.3222	3.3476	0.1719	-0.9851
R	6.9853	0.4341	-0.3450	1477010473000000	6.3629	2.9500	0.0471	-0.9989
L	6.1544	2.5009	1477010473400000	6.3535	2.5503	-0.0785	-0.9969
R	6.6803	0.3584	-0.2681	1477010473800000	6.2941	2.1550	-0.2028	-0.9792
L	6.2972	1.7571	1477010474200000	6.1856	1.7703	-0.3239	-0.9461
R	7.0060	0.2665	-0.5675	1477010474600000	6.0297	1.4022	-0.4400	-0.8980
L	6.0413	1.2857	1477010475000000	5.8289	1.0565	-0.5490	-0.8358
R	5.8223	0.1031	-0.9251	1477010475400000	5.5864	0.7388	-0.6495	-0.7604
L	5.4504	0.4553	1477010475800000	5.3060	0.4539	-0.7396	-0.6730
R	4.7261	0.0869	-1.0772	1477010476200000	4.9920	0.2064	-0.8182	-0.5750
L	5.0985	0.0981	1477010476600000	4.6496	0.0002	-0.8838	-0.4679
R	4.9082	-0.0921	-0.8870	1477010477000000	4.2840	-0.1614	-0.9354	-0.3535
L	3.7454	-0.2796	1477010477400000	3.9010	-0.2759	-0.9724	-0.2334
R	4.0604	-0.0930	-0.8416	1477010477800000	3.5067	-0.3416	-0.9940	-0.1097
L	2.8885	-0.5086	1477010478200000	3.1072	-0.3573	-0.9999	0.0157
R	2.7623	-0.1049	-0.9315	1477010478600000	2.7090	-0.3228	-0.9900	0.1409
L	1.9520	-0.2856	1477010479000000	2.3182	-0.2386	-0.9646	0.2639
R	2.2454	-0.0663	-1.1274	1477010479400000	1.9410	-0.1062	-0.9239	0.3827
L	1.5005	-0.0624	1477010479800000	1.5835	0.0725	-0.8686	0.4955
R	0.8697	0.1801	-0.8250	1477010480200000	1.2511	0.2946	-0.7997	0.6004
L	0.9617	0.6412	1477010480600000	0.9492	0.5566	-0.7181	0.6959
R	0.7843	0.8734	-0.2187	1477010481000000	0.6825	0.8543	-0.6252	0.7804
L	0.4097	1.2164	1477010481400000	0.4552	1.1832	-0.5225	0.8526
R	1.9917	1.4077	0.8448	1477010481800000	0.2709	1.5379	-0.4115	0.9114
L	-0.0377	1.9517	1477010482200000	0.1326	1.9129	-0.2940	0.9558
R	3.0575	1.6164	0.9313	1477010482600000	0.0423	2.3024	-0.1719	0.9851
L	-0.0644	2.9868	1477010483000000	0.0016	2.7000	-0.0471	0.9989
